222
  37, 47, 57, 97-102, 1 06; self-, 93,                       control of, 62, 182; o f soul, 69, 99,
  99, 105; signs of, 37, 50, 70, 100,                         140, 1 8 1 .
  148.                                                     Patience, 7 2 , 8 2 , 1 1 1 .
Luke, 6:37, 2 10; 7:37-38, 2 1 2;                          Paul, Saint, 37, 59, 1 58, 1 74, 1 79,
  7:40-48, 2 10; 7:50, 2 1 1 ; 10: 16, 207;                   185, 189.
  10:38-42, 2 1 2; 10:40, 2 1 1 ; 1 2:48,                  Penance, 46, 50, 56, 57, 62, 80, 82,
  202, 208; 1 5: 16, 201; 1 5:22-3 2, 209;                   83, 93, 94, 97, 1 3 2, 1 74, 1 8 1, 192.
  17: 10, 202; 1 8: 1 3, 2 1 2; 2 1 :3 3 , 2 1 1 ;         Perfection, failure in, 60, 1 0 1 ; fruits
  22: 1 5, 205; 22:42, 202, 208.                             of, 64, 1 76; and trials, 149; true,
Lutherans, 196.                                              47, 57; turned from, 58; and vi­
                                                             sions, 162; and will, 52, 100; zeal
Martha, 1 76, 188-194.                                       for, 46.
Martin, Saint, 140.                                        Persecutions, 1 10, 1 1 1, 1 38, 1 5 5, 1 8 3 .
Mary, 1 76, 188-194.                                       Perseverance, 48, 49, 55, 59, 82.
Mary Magdalene, 37, 144, 1 7 1 , 180,                      Peter, Saint, 59, 144, 189.
 192.                                                      Peter of Alcantara, 79, 142.
Matthew, 6: 1 2 , 1 5, 2 10; 6:2 1 , 200;                  Pharisees, 1 20, 192.
 1 0:24, 201; 1 3:44, 205; 19:16-2 1 ,                     Philippians, 1 : 2 1 , 2 1 1 ; 4: 1 3, 205.
 202; 19:27, 202; 20: 1 3, 203; 20:22,                     Pilate, 165.
 201, 2 10; 22: 14, 205; 25:41, 2 10;                      Prayer, abandoning of, 53, 7 1 , 72,
 26:41, 201.                                                 81; and castle, 3 5, 3 8; and conso­
Meditation, 68, 69, 70, 74, 78, 8 1 , 92,                    lations, 63, 64, 67-77, 99, 1 02, 1 14,
 145, 146, 147.                                               149, 184; courage necessary for,
Memory, 87, 1 25, 1 28, 1 3 7, 144, 147,                      1 26, 1 3 3- 1 3 5 , 1 3 7, 1 39, 1 70; de­
 148, 1 56, 185.                                             grees of, 1 87; discernment of, 76,
Mercy, of God, 33, 39, 41, 43, 45, 53,                       8 1 , 84, 85-91, 1 1 7, 1 1 8, 1 19-1 26,
 54, 55, 60, 7 3 , 76, 85, 95, 103, 106,                     1 3 7-143; discursive, 146-149; dry­
 1 1 3 , 1 14, 1 3 5, 1 39, 164, 172, 173,                   ness in, 58, 59, 60-66, 7 1 , 80, 1 1 2,
 1 74, 187, 196; immeasurable, 36;                           1 20, 141, 146, 169, 184, 185; effects
 of Lord, 36, 49, 5 1 , 56, 63, 65, 78,                      of, 89, 9 1-97, 98, 125, 1 3 2, 1 3 3 ,
  105, 1 2 5, 1 30, 141, 1 74, 176, 1 77,                    1 36, 1 37-143, 182-188, 189; kinds
 189; received, 48; trust in, 3 3 , 53,                      of, 8 1 , 1 14, 1 3 2; mental, 38, 1 14;
 56, 1 14, 169, 187.                                         practice of, 38, 42, 48, 52, 57, 147,
Monastery of St. Joseph, 34, 196.                            1 55; quiet, 7 1 , 7 3 , 79, 8 1 , 8 3 , 1 1 6,
Moses, 1 29.                                                 1 2 3 , 1 27, 1 30, 149, 185; and rap­
Mother of God, 45, 56, 143, 145, 149,                        ture, 83, 1 26-1 3 3 ; and recollec­
 1 5 3 , 189.                                                tion, 53, 57, 70, 77-84, 1 2 1 ; spiri­
Mount Carmel, 85.                                            tual delights of, 5 1 , 64, 67-84, 85,
                                                             94, 99, 100, 101, 102, 1 1 5, 149, 162,
Nineveh, 1 22.                                               169, 184, 1 89; and suspension, 7 1 ,
Noah, 187.                                                   8 1 , 99, 1 26- 1 3 3 ; o f union, 85-97,
Numbers, 1 3 : 1 7-27, 208.                                  99, 101, 102-107, 1 74, 185; vocal,
                                                             38, 84, 1 14, 1 18.
The Passion, 69, 96, 1 3 5, 143-150,                       Proverbs, 8:29, 208; 8:3 1 , 200.
  161, 165.                                                Psalms, 1 : 3 , 200; 1 8:26, 2 1 2; 42:2,
Passions, and consolation, 73, 99;                           2 1 2; 1 1 2 : 1 , 201, 202, 2 1 2; 1 16: 1 1 ,