223
  2 10; 1 19: 3 2, 203, 204; 1 19: 1 37, 203;        2 1 2; 3 : 1-3, 209; 3 :2, 205, 208; 8 : 1 ,
  127:1, 200.                                        204.
                                                   Soul, cf. also God, Lord, Suffering,
Rapture, 184; discernment of, 1 30,                  Union; afflictions of, 49, 50, 5 1 ,
  1 3 3, 1 3 7; kinds of, 127, 1 3 3; length         5 2 , 57, 58, 6 3 , 7 1 , 7 2 , 94, 95, 98,
  of, 1 3 1, 1 3 5; nature of, 1 3 3; occur­         1 1 1, 1 1 3, 1 14, 1 20, 1 32, 1 3 5, 140,
  rence of, 1 38, 186; in prayer, 83,                143, 163, 167, 168, 183; awakened,
  1 26-1 33, 1 74; and visions, 1 57,                1 1 5-1 18, 1 19, 1 27, 1 5 3, 184, 185,
  167, 1 70.                                         193; beauty of, 3 5, 36, 39; benefits
Reason, abandoning of, 63; and                       to, 58, 65, 66, 74, 92, 97, 1 10, 1 1 1,
  love, 62; and soul, 50.                            1 1 8, 1 20, 1 30, 1 3 1, 1 36, 1 3 7, 1 38,
Revelations, 2 1 :3, 2 1 2.                          142, 148, 1 52, 1 54, 1 56, 160, 161,
                                                     162, 166-1 7 1 ; as bride, 90, 92,
Saints, 143, 145, 149, 153, 184, 191,                102-108, 1 1 5, 1 16, 1 18, 1 26, 1 30,
   192, 193.                                         1 3 7, 1 57, 165, 166, 1 7 3, 187, 191; as
Salvation, 5 5, 76, 96, 101, 181, 192.               castle, 3 5, 37; center of, 39, 40,
Samaritan woman, 168.                                74-75, 90, 142, 1 74, 1 78-182; certi­
Saul, 98, 162.                                       tude in, 1 2 1-125, 1 29, 1 3 3, 1 52,
Self, abandoning of, 63, 99; forget­                 1 53, 1 55, 1 59, 1 77, 180, 186; con­
   ting of, 80, 143, 183; help for, 147;             quering of, 44, 5 1 ; dangers to, 48,
   knowledge of, 39, 42, 43, 44, 45,                 53, 62, 98, 106, 107, 1 2 3 , 1 3 1, 149,
   54, 59, 60, 62, 65, 70, 7 1 , 73, 75, 97,         1 50, 161, 163, 169; deceived, 5 1 ,
   1 3 5, 1 37, 148, 161, 162, 165; -love,           104, 105, 1 1 2, 1 19, 1 24, 1 25, 140,
   93, 99, 105; testing of, 60, 61, 62,              141, 145, 1 54, 1 59, 161, 189; de­
   65, 70, 7 1 ; treasure in, 86; trust in,          sires of, 108, 1 1 5-1 18, 122, 1 26,
   106; -will, 43, 52, 62, 65, 93, 98.               1 27, 1 3 2, 1 38, 1 39, 1 52, 166-1 7 1 ,
Senses, 41, 44, 77, 78, 90, 99, 104,                 1 7 3 , 1 8 1 , 184, 193; dignity of, 3 5 ,
   1 16, 1 1 7, 1 18, 1 19, 1 2 3 , 127, 1 30,       36, 42; enlightenment of, 5 1 , 73,
   1 3 1, 1 3 3, 1 34, 1 37, 141, 143, 152,          85, 88, 89, 105, 106, 1 10, 1 27, 1 28;
   1 58, 163, 167. 169, 178, 181, 186,               enters itself, 37, 54, 78; exterior
   191.                                              part of, 1 19, 1 20; faculties of, 41,
Sin, 46; of Adam, 72; avoidance of,                  44, 46, 49, 53, 70, 71, 7 5, 78, 80, 86,
   58, 99, 1 38, 1 88; falling in, 49, 1 1 2;        90, 99, 101, 104, 1 14, 1 16, 1 1 7,
   freeing from 56; grief for, 69, 1 10,             1 26-1 30, 1 34, 141, 146, 1 58, 167,
    1 1 3, 1 2 5, 1 3 5, 143-1 50, 187; mor­         168, 175, 1 77, 178, 180, 1 8 1 , 185,
   tal, 39, 40, 41, 43, 1 74, 188; occa­             186, 1 89; fire in, 1 1 7, 166,
   sions of, 48, 65, 82, 83, 92; par­                168-170, 193; flight of, 1 3 3-1 37,
   doned, 144, 169, 196; venial, 57,                 186; foolishness of, 80, 89, 143,
    58, 1 38, 188; works in, 40.                     144; as image of God, 35, 36, 172,
Society of Jesus, 1 04.                              195; interior part of, 1 1 1, 1 14,
Solomon, 57, 186, 189.                               1 1 8-1 20, 1 26-1 28, 1 34, 1 38, 142,
Son, 56, 70, 96, 100, 1 1 5, 147, 189,               1 59, 167, 169, 1 7 5, 177, 1 78, 184;
    194.                                             joy of, 8 1 , 88, 94, 103, 1 17, 122,
 Song of Songs, cf. also Canticle of                 1 30, 141-143, 1 56, 163, 1 70, 183,
    Canticles; 90; 1 :2, 2 1 2; 2:4, 205,            186; light in, 40, 41, 80, 98, 105,