22 1
    er, 58, 59, 60, 63, 64, 69, 76, 77, 79,            Lady of Mount Carmel, 34.
    89, 1 26, 1 3 7, 1 52, 1 59.                       Last Supper, 96.
                                                       Lazarus, 99.
Ignatius, Saint, 104.                                  Locutions, discernment of, 1 20, 122,
Illusion, and locutions, 1 19, 1 20; and                 123, 1 24, 1 2 5.
   visions, 1 54.                                      Lord, cf. Christ, God; calls soul, 49,
Imagination, 70, 73, 78, 80, 84, 87,                     79, 98, 1 16; communications of,
   101, 108, 1 1 2, 1 16, 1 18, 1 19, 1 20,               1 1 7, 123, 143, 1 5 1 , 1 52, 1 56-163;
   1 2 1 , 122, 123, 1 24, 1 36, 1 3 7, 143,             delights of, 35, 163; favors of, pas­
   1 57, 1 58, 1 59, 161, 165, 1 8 1 , 189.              sim; fear of, 5 5, 57, 1 57, 189; give
Intellect, 35, 43, 44, 49, 50, 67, 70, 72,               thanks to, 1 1 7, 1 1 8; goodness of,
   74, 78, 80, 8 1 , 85, 87, 90, 105, 1 1 3,             36, 39, 49, 65, 105; as guide, 5 3 , 8 1 ,
   1 20, 1 2 1, 122, 1 24, 1 3 1 , 146, 147,             145, 146, 1 6 1 ; help of, 94, 1 1 5, 1 2 3 ,
   148, 1 57, 1 58, 167, 1 76, 186.                      1 3 2, 1 39, 186; honor of, 105, 1 32,
Isaiah, 30: 1 5, 203.                                    184; as judge, 1 55, 1 57; mercy of,
Israelites, 1 29, 1 3 7, 1 39.                           36, 49, 5 1 , 56, 63, 65, 78, 105, 1 2 5,
                                                         1 30, 141, 1 74, 1 76, 1 77, 189; of­
                                                         fending of, 57, 65, 96, 99, 1 1 1, 1 34,
Jacob, 1 28.                                              1 3 8, 183, 184, 189; power of, 1 34,
Jerome, Saint, 1 58.                                      1 39, 166; praising of, 34, 36, 37,
John, 4:7-14, 2 10; 5:5, 200; 8 : 1 2, 209;              56, 77, 84, 86, 91, 93, 107, 1 1 3, 1 1 8,
  9:2-3, 200; 9:6-7, 208; 1 1 :6, 202;                   122, 1 24, 1 29, 1 3 3, 1 37, 1 39, 141,
   1 1 : 3 3-36, 206; 14:2, 200; 14:6, 201,              142, 1 50, 1 5 1 , 165, 184, 185, 188,
  209; 14:9, 201, 209; 14:23, 2 1 1;                      189, 192, 194; praying to, 68, 86,
   1 5:5, 201, 203; 16:7, 209; 17:20, 23,                102, 1 23; presence of, 1 1 6, 1 18,
  2 1 1 ; 18:36-38, 2 10; 20: 19-2 1, 201,                141, 149, 1 52, 1 5 5, 1 57, 188, 192;
  2 1 1 ; 20:19, 205.                                    seeing of, 63, 140; serving of, 62,
1 John, 4:20, 206.                                       91, 97, 107, 1 1 7, 1 52, 1 5 5, 162, 183,
Jonah, 99, 122; Book of, 1, 207; 4,                      184, 186, 190, 193, 195, 196; and
  207; 4:6-7 206.                                        soul, 50, 57, 109, 1 1 7, 1 2 1, 1 2 3,
                 '
Jordan, 1 39.                                            1 27, 177-182; soul surrenders to,
Joshua, 1 26; 3 : 1 3-17, 208.                           1 3 3, 1 34, 1 52, 168, 186; spirit of,
Judas, 98, 105, 148.                                     68, suffering of, 6 1 , 96; tests us,
Judges, 7:5, 20 1 .                                      61, 84; trust in, 39; voice of, 49,
                                                         78; working of, 37, 42, 79, 91, 146.
1Kings, 6:7, 2 1 2; 1 1, 2 1 2; 18:30-39,              Lot's wife, 38.
 209; 19: 1 0, 2 1 2.                                  Love, acts of, 70, 1 1 6, 1 1 8, 185; ef­
Knowledge, of Christ, 54; of God,                        fects of, 69; for God, 36, 37, 47,
 35, 43, 64, 75, 89, 93, 103, 127, 1 37,                 64, 72, 76, 95, 97, 1 1 3 , 1 3 1 , 1 38,
 1 39, 1 52, 165, 166, 167; lack of, 70,                 144, 1 52, 1 5 3 , 162, 163, 166, 1 74,
 7 1 ; of Lord, 58, 59, 98, 162; of                      175, 180, 190; of God, 83, 106, 1 3 1 ,
 one's misery, 1 3 5, 187; self-, 39,                    164, 1 78, 185; lacking, 102; for
 42, 43, 44, 45, 59, 60, 62, 65, 70, 7 1 ,               Lord, 49, 54, 63, 77, 100, 108, 1 2 1 ,
 73, 7 5 , 97, 1 3 5, 1 3 7, 148, 1 6 1 , 162,           1 34, 148, 166, 184, 193, 194; of
  165; of soul, 36, 38, 39, 1 27; of                     Lord, 50, 58, 76, 84, 96, 97, 1 2 1 ,
 world, 65.                                              1 50, 162, 185, 190; of neighbor,